{
  "camera_angle_x": 0.5996033693600398,
  "camera_angle_y": 1.0132064884610315,
  "fl_x": 776.4000999162078,
  "fl_y": 767.6953569702415,
  "k1": 0.05226913228909426,
  "k2": -0.19770405704823243,
  "k3": 0,
  "k4": 0,
  "p1": 0.014433222877232425,
  "p2": -0.0022092877936610955,
  "is_fisheye": false,
  "cx": 234.77711533681355,
  "cy": 447.4687502986994,
  "w": 480.0,
  "h": 852.0,
  "aabb_scale": 16,
  "frames": [
    {
      "file_path": "./images/0003.jpg",
      "sharpness": 167.4133088258648,
      "transform_matrix": [
        [
          0.05350637106773527,
          -0.7814127630514193,
          0.6217163035318628,
          2.769102450755838
        ],
        [
          0.9928965980169713,
          0.10789254003219086,
          0.050155213649428834,
          -0.026306082746254084
        ],
        [
          -0.1062704752467117,
          0.6146163792359655,
          0.7816350123631984,
          3.188832541310392
        ],
        [
          0.0,
          0.0,
          0.0,
          1.0
        ]
      ]
    },
    {
      "file_path": "./images/0002.jpg",
      "sharpness": 169.8685423255195,
      "transform_matrix": [
        [
          0.059782760236300664,
          -0.7808948170284549,
          0.6217952286713367,
          2.772697369376078
        ],
        [
          0.9924416372998419,
          0.11337479334724676,
          0.04696544252501254,
          -0.03468707755268783
        ],
        [
          -0.10717097620214693,
          0.6142877510179465,
          0.7817703888581989,
          3.187737800684304
        ],
        [
          0.0,
          0.0,
          0.0,
          1.0
        ]
      ]
    },
    {
      "file_path": "./images/0005.jpg",
      "sharpness": 166.6619845999721,
      "transform_matrix": [
        [
          0.0329235412990386,
          -0.7823487233672837,
          0.6219698670801721,
          2.764752098669764
        ],
        [
          0.9940105326438823,
          0.09051515203617486,
          0.061237800820950164,
          0.02391829162571439
        ],
        [
          -0.10420701237477165,
          0.6162284336004158,
          0.7806429505738265,
          3.2014459242267406
        ],
        [
          0.0,
          0.0,
          0.0,
          1.0
        ]
      ]
    },
    {
      "file_path": "./images/0007.jpg",
      "sharpness": 171.00352985935257,
      "transform_matrix": [
        [
          0.018361539386361442,
          -0.782992069495829,
          0.6217606236002863,
          2.756095252007974
        ],
        [
          0.9946632191107593,
          0.07745243740978175,
          0.06816304344729827,
          0.06383012150583672
        ],
        [
          -0.10152799823520225,
          0.6171908449796218,
          0.780235558362986,
          3.2078531444803717
        ],
        [
          0.0,
          0.0,
          0.0,
          1.0
        ]
      ]
    },
    {
      "file_path": "./images/0001.jpg",
      "sharpness": 181.55067670389752,
      "transform_matrix": [
        [
          0.06567107748285247,
          -0.7800501631684813,
          0.6222612414451684,
          2.775075886722751
        ],
        [
          0.991969126239564,
          0.11859020640709476,
          0.04397289547358871,
          -0.042978690044367246
        ],
        [
          -0.10809515335128095,
          0.6143761925433187,
          0.7815736254149355,
          3.1838566865374456
        ],
        [
          0.0,
          0.0,
          0.0,
          1.0
        ]
      ]
    },
    {
      "file_path": "./images/0008.jpg",
      "sharpness": 171.07040013205753,
      "transform_matrix": [
        [
          0.010664267093455509,
          -0.7833071029379467,
          0.621543446571626,
          2.7489050360890737
        ],
        [
          0.9949187707000713,
          0.0705444848211807,
          0.07183394305247093,
          0.08099406425831998
        ],
        [
          -0.10011450005741682,
          0.61761918544464,
          0.7800792451637593,
          3.2054219757820728
        ],
        [
          0.0,
          0.0,
          0.0,
          1.0
        ]
      ]
    },
    {
      "file_path": "./images/0004.jpg",
      "sharpness": 163.70208626185962,
      "transform_matrix": [
        [
          0.04020277077765212,
          -0.7821288417114659,
          0.6218184721176232,
          2.7697581610275748
        ],
        [
          0.9936779993702628,
          0.09658166967010444,
          0.0572364801131204,
          0.0056142436532119425
        ],
        [
          -0.10482256816334953,
          0.6155862702552058,
          0.7810670734087004,
          3.2019696247306473
        ],
        [
          0.0,
          0.0,
          0.0,
          1.0
        ]
      ]
    },
    {
      "file_path": "./images/0006.jpg",
      "sharpness": 167.213514334368,
      "transform_matrix": [
        [
          0.025721233796691143,
          -0.7823988191461307,
          0.6222463386895347,
          2.7621626520429814
        ],
        [
          0.9943580970401261,
          0.08410150745609142,
          0.06464449937036111,
          0.04481084189833223
        ],
        [
          -0.10290963506448683,
          0.6170729489475364,
          0.7801477954685208,
          3.2041761374423294
        ],
        [
          0.0,
          0.0,
          0.0,
          1.0
        ]
      ]
    },
    {
      "file_path": "./images/0009.jpg",
      "sharpness": 173.1095868913908,
      "transform_matrix": [
        [
          -0.0057747611093520446,
          -0.7832770975021461,
          0.6216459126742155,
          2.7416492778788197
        ],
        [
          0.995195062343638,
          0.05626110056822402,
          0.08013411542025888,
          0.12259550147257128
        ],
        [
          -0.09774170054807177,
          0.6191216981927448,
          0.7791886054654614,
          3.1990730172333732
        ],
        [
          0.0,
          0.0,
          0.0,
          1.0
        ]
      ]
    },
    {
      "file_path": "./images/0010.jpg",
      "sharpness": 170.4567527935425,
      "transform_matrix": [
        [
          -0.014636213771123627,
          -0.7837685125403393,
          0.6208805843949099,
          2.736247386844845
        ],
        [
          0.995207962397081,
          0.04862030211769531,
          0.08483618218617871,
          0.14762706562993735
        ],
        [
          -0.09667932991395424,
          0.6191469817855703,
          0.779301047220851,
          3.1980969218463047
        ],
        [
          0.0,
          0.0,
          0.0,
          1.0
        ]
      ]
    },
    {
      "file_path": "./images/0011.jpg",
      "sharpness": 174.17702584796547,
      "transform_matrix": [
        [
          -0.023279171981862096,
          -0.7839093671832233,
          0.6204387030771468,
          2.730480322796607
        ],
        [
          0.9952128264132235,
          0.04075175714200242,
          0.08882974972910217,
          0.17763420173351768
        ],
        [
          -0.09491844024648345,
          0.6195364383266114,
          0.7792079898031454,
          3.1918591165424024
        ],
        [
          0.0,
          0.0,
          0.0,
          1.0
        ]
      ]
    },
    {
      "file_path": "./images/0014.jpg",
      "sharpness": 167.88354443260837,
      "transform_matrix": [
        [
          -0.060933485298068905,
          -0.7833557064948525,
          0.6185797826903133,
          2.709521130539443
        ],
        [
          0.9941782861412229,
          0.007542195768157272,
          0.1074832575464088,
          0.33489733994261833
        ],
        [
          -0.0888630729709098,
          0.6215279176901585,
          0.7783356614470454,
          3.1677523386632065
        ],
        [
          0.0,
          0.0,
          0.0,
          1.0
        ]
      ]
    },
    {
      "file_path": "./images/0016.jpg",
      "sharpness": 168.67029559650194,
      "transform_matrix": [
        [
          -0.08053300533916173,
          -0.7827203973350579,
          0.6171411627241427,
          2.6946575086833833
        ],
        [
          0.9931535388436964,
          -0.010448764086727812,
          0.1163480623637319,
          0.41759642754268206
        ],
        [
          -0.08461963918499085,
          0.6222857888531352,
          0.778203002912441,
          3.176973965090452
        ],
        [
          0.0,
          0.0,
          0.0,
          1.0
        ]
      ]
    },
    {
      "file_path": "./images/0015.jpg",
      "sharpness": 172.11111288473774,
      "transform_matrix": [
        [
          -0.07071589681242178,
          -0.782999391518367,
          0.6179896559827657,
          2.7035036860357695
        ],
        [
          0.9936904244082144,
          -0.0012280874561656546,
          0.1121509351058432,
          0.38002922561284924
        ],
        [
          -0.08705516860153852,
          0.6220212574877624,
          0.7781458429750866,
          3.1720395122194196
        ],
        [
          0.0,
          0.0,
          0.0,
          1.0
        ]
      ]
    },
    {
      "file_path": "./images/0012.jpg",
      "sharpness": 173.64945604355918,
      "transform_matrix": [
        [
          -0.032086415375889146,
          -0.7841877969724756,
          0.6196934412349351,
          2.7215088758617743
        ],
        [
          0.9951314908953857,
          0.032741676137116295,
          0.09295858473832241,
          0.20964674098115074
        ],
        [
          -0.09318678973283365,
          0.6196591658368815,
          0.7793194085225493,
          3.1790952555012604
        ],
        [
          0.0,
          0.0,
          0.0,
          1.0
        ]
      ]
    },
    {
      "file_path": "./images/0013.jpg",
      "sharpness": 176.84327012406803,
      "transform_matrix": [
        [
          -0.041344329304491424,
          -0.7839339456946174,
          0.6194660727625404,
          2.717637891804474
        ],
        [
          0.9948991722576674,
          0.024795050234530013,
          0.09777956089780665,
          0.2471056077742081
        ],
        [
          -0.09201240937563897,
          0.6203489133981669,
          0.7789100989542443,
          3.1701335167478364
        ],
        [
          0.0,
          0.0,
          0.0,
          1.0
        ]
      ]
    },
    {
      "file_path": "./images/0017.jpg",
      "sharpness": 166.2201280732561,
      "transform_matrix": [
        [
          -0.09115388472806216,
          -0.7817685574610359,
          0.6168702391476583,
          2.685573103870131
        ],
        [
          0.992372402703245,
          -0.01968479764137875,
          0.1216943840088727,
          0.4492830532146566
        ],
        [
          -0.08299387720911522,
          0.6232579172310843,
          0.7775998875005555,
          3.177995387554554
        ],
        [
          0.0,
          0.0,
          0.0,
          1.0
        ]
      ]
    },
    {
      "file_path": "./images/0018.jpg",
      "sharpness": 164.13773109115755,
      "transform_matrix": [
        [
          -0.10161648346084705,
          -0.7815338245213,
          0.6155314545171321,
          2.666479635038501
        ],
        [
          0.9915509242708846,
          -0.0294205190951236,
          0.12633763349936702,
          0.47418716224695845
        ],
        [
          -0.08062787897846013,
          0.6231687686892354,
          0.7779201957450934,
          3.176095245412521
        ],
        [
          0.0,
          0.0,
          0.0,
          1.0
        ]
      ]
    },
    {
      "file_path": "./images/0019.jpg",
      "sharpness": 157.53487626683037,
      "transform_matrix": [
        [
          -0.12359171642783191,
          -0.7795161374349814,
          0.614068138882555,
          2.6292723760611914
        ],
        [
          0.9893080174792478,
          -0.04850797194996333,
          0.13753771560221062,
          0.5144116698693789
        ],
        [
          -0.07742566876158502,
          0.624501055419912,
          0.7771767480326112,
          3.1597975918290158
        ],
        [
          0.0,
          0.0,
          0.0,
          1.0
        ]
      ]
    },
    {
      "file_path": "./images/0020.jpg",
      "sharpness": 152.15632145283575,
      "transform_matrix": [
        [
          -0.13478054860698385,
          -0.7785572543224002,
          0.612929690536346,
          2.607928267090453
        ],
        [
          0.9879801853807493,
          -0.058338659808393784,
          0.14314941170425183,
          0.5257034400241241
        ],
        [
          -0.0756925162316652,
          0.6248561455237304,
          0.7770620570289437,
          3.1476781974322146
        ],
        [
          0.0,
          0.0,
          0.0,
          1.0
        ]
      ]
    },
    {
      "file_path": "./images/0021.jpg",
      "sharpness": 150.02315284535638,
      "transform_matrix": [
        [
          -0.1461149219029234,
          -0.7774743514411914,
          0.6117058627561262,
          2.5868549272225327
        ],
        [
          0.9864978059853096,
          -0.06827253588552865,
          0.1488655085452042,
          0.5382584586696205
        ],
        [
          -0.07397640424173986,
          0.6251979636723909,
          0.7769523781556152,
          3.1337549654540418
        ],
        [
          0.0,
          0.0,
          0.0,
          1.0
        ]
      ]
    },
    {
      "file_path": "./images/0022.jpg",
      "sharpness": 144.72041042617207,
      "transform_matrix": [
        [
          -0.15779633792330078,
          -0.7758062911047102,
          0.6109213652362834,
          2.573983196359302
        ],
        [
          0.9848174847192692,
          -0.07830913943724863,
          0.15492643569224107,
          0.546185317456899
        ],
        [
          -0.07235217709298754,
          0.6260928664730038,
          0.7763844956642488,
          3.124557825792847
        ],
        [
          0.0,
          0.0,
          0.0,
          1.0
        ]
      ]
    },
    {
      "file_path": "./images/0023.jpg",
      "sharpness": 143.63515395065807,
      "transform_matrix": [
        [
          -0.16967673677789238,
          -0.7743969239501646,
          0.6095237561036843,
          2.562833859511868
        ],
        [
          0.9829647726712072,
          -0.08865415470985243,
          0.16099905758921748,
          0.5535760936788313
        ],
        [
          -0.0706403615830191,
          0.6264581750722126,
          0.7762474439809258,
          3.1107474227244585
        ],
        [
          0.0,
          0.0,
          0.0,
          1.0
        ]
      ]
    },
    {
      "file_path": "./images/0024.jpg",
      "sharpness": 136.75467091994923,
      "transform_matrix": [
        [
          -0.19411711518665078,
          -0.7716889649003166,
          0.6056522823572165,
          2.5550276562402865
        ],
        [
          0.9786979096562217,
          -0.11027435541451867,
          0.1731761189568207,
          0.5955719877629839
        ],
        [
          -0.06685018494096896,
          0.6263670713526459,
          0.7766565166048471,
          3.098265157017042
        ],
        [
          0.0,
          0.0,
          0.0,
          1.0
        ]
      ]
    },
    {
      "file_path": "./images/0025.jpg",
      "sharpness": 133.67884788704455,
      "transform_matrix": [
        [
          -0.20631623654426604,
          -0.7700282556656532,
          0.6037301517205653,
          2.562283789720352
        ],
        [
          0.9763278873421499,
          -0.12105392753352294,
          0.1792478815250413,
          0.6215777454437457
        ],
        [
          -0.06494202750630708,
          0.6264203318788741,
          0.776775450795427,
          3.1050616304468073
        ],
        [
          0.0,
          0.0,
          0.0,
          1.0
        ]
      ]
    },
    {
      "file_path": "./images/0026.jpg",
      "sharpness": 154.7241557595531,
      "transform_matrix": [
        [
          -0.21877287419080296,
          -0.7680801249115595,
          0.6018233555753326,
          2.57261777279132
        ],
        [
          0.9737574200605681,
          -0.13220104755436854,
          0.18525487822728587,
          0.6562682156880988
        ],
        [
          -0.06272891195954526,
          0.6265587002248802,
          0.7768457239781834,
          3.122289954586226
        ],
        [
          0.0,
          0.0,
          0.0,
          1.0
        ]
      ]
    },
    {
      "file_path": "./images/0027.jpg",
      "sharpness": 139.22722220995306,
      "transform_matrix": [
        [
          -0.23152481009577505,
          -0.7656609896118883,
          0.6001329114275221,
          2.5844123649565183
        ],
        [
          0.9709273103662003,
          -0.14331081211354843,
          0.19173463203319327,
          0.7007378431296369
        ],
        [
          -0.0607981931926596,
          0.6270767578248295,
          0.7765811738554544,
          3.1391617161856424
        ],
        [
          0.0,
          0.0,
          0.0,
          1.0
        ]
      ]
    },
    {
      "file_path": "./images/0028.jpg",
      "sharpness": 138.09912353385877,
      "transform_matrix": [
        [
          -0.24450434791179587,
          -0.7629293169028016,
          0.5984617626417472,
          2.587798613827916
        ],
        [
          0.9678744003462848,
          -0.154711672007203,
          0.19820051388315799,
          0.7558906183893784
        ],
        [
          -0.0586239627359794,
          0.6276967070498461,
          0.7762474315823644,
          3.1393416128517426
        ],
        [
          0.0,
          0.0,
          0.0,
          1.0
        ]
      ]
    },
    {
      "file_path": "./images/0029.jpg",
      "sharpness": 134.32470086221198,
      "transform_matrix": [
        [
          -0.2693385384240512,
          -0.7579995198174239,
          0.5940483816642931,
          2.5865601454420037
        ],
        [
          0.961616259344878,
          -0.1780834927476139,
          0.2087592857308807,
          0.8537078044465002
        ],
        [
          -0.0524492276735911,
          0.6274735035471003,
          0.7768694104861371,
          3.1153598639112765
        ],
        [
          0.0,
          0.0,
          0.0,
          1.0
        ]
      ]
    },
    {
      "file_path": "./images/0032.jpg",
      "sharpness": 131.44373246984088,
      "transform_matrix": [
        [
          -0.30742344568522956,
          -0.749295426169177,
          0.5865553592345627,
          2.575272817793908
        ],
        [
          0.9504720601320508,
          -0.21215372928257553,
          0.22714237399552684,
          0.9762964280272409
        ],
        [
          -0.04575683503176364,
          0.6273333719479978,
          0.7774053978295612,
          3.0877991144151613
        ],
        [
          0.0,
          0.0,
          0.0,
          1.0
        ]
      ]
    },
    {
      "file_path": "./images/0030.jpg",
      "sharpness": 134.25643171881174,
      "transform_matrix": [
        [
          -0.28224955821002656,
          -0.7551763680756414,
          0.5916450287732866,
          2.5821310697872115
        ],
        [
          0.9580104237980097,
          -0.18940324276091314,
          0.21527294193767335,
          0.8978871886949323
        ],
        [
          -0.05050955142441638,
          0.6275627975095631,
          0.7769258140152011,
          3.098240801518107
        ],
        [
          0.0,
          0.0,
          0.0,
          1.0
        ]
      ]
    },
    {
      "file_path": "./images/0031.jpg",
      "sharpness": 131.61083871019576,
      "transform_matrix": [
        [
          -0.29445621325164667,
          -0.7523640556795749,
          0.5892740162952183,
          2.5792225273536253
        ],
        [
          0.9544766281170055,
          -0.20078715651122142,
          0.22058758841562717,
          0.9366895499812266
        ],
        [
          -0.04764351851509404,
          0.6274016620856037,
          0.7772369327573357,
          3.0916911085033063
        ],
        [
          0.0,
          0.0,
          0.0,
          1.0
        ]
      ]
    },
    {
      "file_path": "./images/0033.jpg",
      "sharpness": 129.66270777836797,
      "transform_matrix": [
        [
          -0.3199046512858819,
          -0.7457628181709675,
          0.5843790150246411,
          2.5712402741791958
        ],
        [
          0.9464548544821066,
          -0.22328257128772463,
          0.23316968454515952,
          1.00744423302991
        ],
        [
          -0.043407631977143986,
          0.6276804222524016,
          0.7772599726561835,
          3.0795065549864287
        ],
        [
          0.0,
          0.0,
          0.0,
          1.0
        ]
      ]
    },
    {
      "file_path": "./images/0034.jpg",
      "sharpness": 126.20566802221778,
      "transform_matrix": [
        [
          -0.3455242639031668,
          -0.7380797309849593,
          0.5795267844070366,
          2.543683582070156
        ],
        [
          0.937616930329432,
          -0.24615146468861804,
          0.24552789738796219,
          1.06934042182984
        ],
        [
          -0.038567797645332795,
          0.6282099706520802,
          0.7770873553497116,
          3.0609283539391874
        ],
        [
          0.0,
          0.0,
          0.0,
          1.0
        ]
      ]
    },
    {
      "file_path": "./images/0035.jpg",
      "sharpness": 125.44277885612071,
      "transform_matrix": [
        [
          -0.3578927408052839,
          -0.733865653977281,
          0.577368156441966,
          2.5290579855823725
        ],
        [
          0.9330693934788472,
          -0.25724433798753993,
          0.25140974032614793,
          1.0908568925818494
        ],
        [
          -0.03597628432170701,
          0.6287022765757753,
          0.7768134618305406,
          3.0625914029864068
        ],
        [
          0.0,
          0.0,
          0.0,
          1.0
        ]
      ]
    },
    {
      "file_path": "./images/0036.jpg",
      "sharpness": 128.00792159758737,
      "transform_matrix": [
        [
          -0.37068762595380733,
          -0.7294305794360737,
          0.5749101789237158,
          2.5127211541321492
        ],
        [
          0.9281489569480575,
          -0.2685346119240841,
          0.25773761060331657,
          1.105613749268985
        ],
        [
          -0.03361841285636054,
          0.6291424259004184,
          0.7765626892501746,
          3.0709107093947745
        ],
        [
          0.0,
          0.0,
          0.0,
          1.0
        ]
      ]
    },
    {
      "file_path": "./images/0039.jpg",
      "sharpness": 132.53997381186844,
      "transform_matrix": [
        [
          -0.421093638834283,
          -0.711201487943452,
          0.5629143726732666,
          2.421761864863453
        ],
        [
          0.906678907249596,
          -0.31311261709138727,
          0.2826549984899487,
          1.1443925430440793
        ],
        [
          -0.024769063074622604,
          0.6294068101393206,
          0.7766811192187938,
          3.1046301832529544
        ],
        [
          0.0,
          0.0,
          0.0,
          1.0
        ]
      ]
    },
    {
      "file_path": "./images/0038.jpg",
      "sharpness": 130.42631463195855,
      "transform_matrix": [
        [
          -0.3959098382021295,
          -0.7206963101807544,
          0.5690801600727478,
          2.4755218114405397
        ],
        [
          0.9178144597074706,
          -0.2906305632570757,
          0.27046347860155023,
          1.1275829621806885
        ],
        [
          -0.029529943606419248,
          0.6293891517001347,
          0.7765289938174195,
          3.0967230840644824
        ],
        [
          0.0,
          0.0,
          0.0,
          1.0
        ]
      ]
    },
    {
      "file_path": "./images/0040.jpg",
      "sharpness": 133.5645457594406,
      "transform_matrix": [
        [
          -0.43320188692419603,
          -0.7061312049698163,
          0.5601025322340604,
          2.390118822848262
        ],
        [
          0.9010272497866331,
          -0.324094806963777,
          0.2882923017451926,
          1.1600115893336054
        ],
        [
          -0.02204586835053419,
          0.6295564133191216,
          0.7766419395215158,
          3.103993580373354
        ],
        [
          0.0,
          0.0,
          0.0,
          1.0
        ]
      ]
    },
    {
      "file_path": "./images/0037.jpg",
      "sharpness": 128.89115455449317,
      "transform_matrix": [
        [
          -0.3833656534802,
          -0.7250073615356778,
          0.5721844995563836,
          2.4944982214763063
        ],
        [
          0.9230558865183125,
          -0.27956248300465025,
          0.26422083276051395,
          1.1192719401229896
        ],
        [
          -0.03160072938970399,
          0.6294514627043719,
          0.7763969668202427,
          3.083269214574535
        ],
        [
          0.0,
          0.0,
          0.0,
          1.0
        ]
      ]
    },
    {
      "file_path": "./images/0041.jpg",
      "sharpness": 134.574822634088,
      "transform_matrix": [
        [
          -0.44559001975887985,
          -0.7007748649463997,
          0.5571033324549866,
          2.3606279681432527
        ],
        [
          0.8950265802863138,
          -0.33522151000760353,
          0.29420054353060143,
          1.1811925339322686
        ],
        [
          -0.01941532582398599,
          0.62971511651817,
          0.776583490191469,
          3.1069445494446404
        ],
        [
          0.0,
          0.0,
          0.0,
          1.0
        ]
      ]
    },
    {
      "file_path": "./images/0042.jpg",
      "sharpness": 132.54076931026592,
      "transform_matrix": [
        [
          -0.4576656006472957,
          -0.6955717745584695,
          0.5538249764172313,
          2.329992083949992
        ],
        [
          0.8889669646389352,
          -0.346252142529298,
          0.2997452077665317,
          1.205624561270968
        ],
        [
          -0.016731221410859354,
          0.6295151787804742,
          0.7768080239038445,
          3.1082385620783533
        ],
        [
          0.0,
          0.0,
          0.0,
          1.0
        ]
      ]
    },
    {
      "file_path": "./images/0043.jpg",
      "sharpness": 132.5291919411805,
      "transform_matrix": [
        [
          -0.4692723036390705,
          -0.6901973976147143,
          0.5508276113676318,
          2.30118907610879
        ],
        [
          0.8829439392339172,
          -0.356912939706075,
          0.3049969731734281,
          1.234850183405471
        ],
        [
          -0.01391061512016803,
          0.6294765332237846,
          0.7768949665133965,
          3.1065518775577154
        ],
        [
          0.0,
          0.0,
          0.0,
          1.0
        ]
      ]
    },
    {
      "file_path": "./images/0045.jpg",
      "sharpness": 138.22011157782202,
      "transform_matrix": [
        [
          -0.5033785111480801,
          -0.6731603812461284,
          0.5417242617021358,
          2.2212407856749956
        ],
        [
          0.8640554518601267,
          -0.38905819159439514,
          0.3194399781940011,
          1.342364878097927
        ],
        [
          -0.004272075905687036,
          0.6288790223531039,
          0.7774914306267098,
          3.099263192861069
        ],
        [
          0.0,
          0.0,
          0.0,
          1.0
        ]
      ]
    },
    {
      "file_path": "./images/0044.jpg",
      "sharpness": 137.39207890001427,
      "transform_matrix": [
        [
          -0.49218160073840944,
          -0.6789708223353037,
          0.5447530581774768,
          2.2471032107406304
        ],
        [
          0.8704613542221111,
          -0.3785827233601456,
          0.31459839857112504,
          1.3016545331283649
        ],
        [
          -0.007369037059609428,
          0.6290260281362794,
          0.7773493122825917,
          3.1014551580266483
        ],
        [
          0.0,
          0.0,
          0.0,
          1.0
        ]
      ]
    },
    {
      "file_path": "./images/0047.jpg",
      "sharpness": 141.63737769235172,
      "transform_matrix": [
        [
          -0.5262928632306729,
          -0.6607439635695072,
          0.5351945784485608,
          2.172651094076903
        ],
        [
          0.8503020795458309,
          -0.41006182737496477,
          0.3299025178055368,
          1.4308819102744004
        ],
        [
          0.0014817696334005028,
          0.6287024036993496,
          0.7776445795012789,
          3.0935237597810614
        ],
        [
          0.0,
          0.0,
          0.0,
          1.0
        ]
      ]
    },
    {
      "file_path": "./images/0048.jpg",
      "sharpness": 142.33575065275284,
      "transform_matrix": [
        [
          -0.5374510090561865,
          -0.6553606897055638,
          0.5307059254756341,
          2.1477067776574716
        ],
        [
          0.8432823204793384,
          -0.4211174325934626,
          0.333968615198143,
          1.4752638043129658
        ],
        [
          0.004619614802169398,
          0.6270266935585667,
          0.7789840722443547,
          3.095691850182173
        ],
        [
          0.0,
          0.0,
          0.0,
          1.0
        ]
      ]
    },
    {
      "file_path": "./images/0046.jpg",
      "sharpness": 141.8000874609644,
      "transform_matrix": [
        [
          -0.5151083169419112,
          -0.6670804393378121,
          0.5382073107566991,
          2.194743800967617
        ],
        [
          0.8571241025643637,
          -0.39994263907513133,
          0.3246292627865606,
          1.3848756793884158
        ],
        [
          -0.0013017790080053296,
          0.628529691409994,
          0.7777845025929608,
          3.0969579232143083
        ],
        [
          0.0,
          0.0,
          0.0,
          1.0
        ]
      ]
    },
    {
      "file_path": "./images/0049.jpg",
      "sharpness": 141.99030711810911,
      "transform_matrix": [
        [
          -0.5597928000227269,
          -0.6425566883240338,
          0.5232140321269878,
          2.1037292833000407
        ],
        [
          0.8285808499117823,
          -0.44111795536179527,
          0.34477343955326684,
          1.5733359104897644
        ],
        [
          0.009262624527023864,
          0.6265268165265396,
          0.7793448223003079,
          3.0782446664206917
        ],
        [
          0.0,
          0.0,
          0.0,
          1.0
        ]
      ]
    },
    {
      "file_path": "./images/0050.jpg",
      "sharpness": 139.46336991126373,
      "transform_matrix": [
        [
          -0.5689910906790927,
          -0.6357868923966256,
          0.5215593602518062,
          2.0932471849448664
        ],
        [
          0.8222275052848447,
          -0.4505085242096598,
          0.34782754228494805,
          1.6145568565651853
        ],
        [
          0.013822745475472492,
          0.6267512242907431,
          0.7790968069783643,
          3.06975960332245
        ],
        [
          0.0,
          0.0,
          0.0,
          1.0
        ]
      ]
    },
    {
      "file_path": "./images/0051.jpg",
      "sharpness": 155.5361844663879,
      "transform_matrix": [
        [
          -0.5797579823688677,
          -0.6284943816616008,
          0.5185320570429536,
          2.082822962740666
        ],
        [
          0.8146310740531733,
          -0.4596336548256338,
          0.3537133253682934,
          1.6570007303048258
        ],
        [
          0.016027946810092526,
          0.6274804504124072,
          0.7784673335199128,
          3.0617198618765404
        ],
        [
          0.0,
          0.0,
          0.0,
          1.0
        ]
      ]
    },
    {
      "file_path": "./images/0052.jpg",
      "sharpness": 141.32350591464012,
      "transform_matrix": [
        [
          -0.5903461436373957,
          -0.6226444859873466,
          0.5136197765310674,
          2.0687983672395815
        ],
        [
          0.8069422034902067,
          -0.4697270655490685,
          0.3580513428567518,
          1.687293777639777
        ],
        [
          0.018322416107785386,
          0.6258357037098016,
          0.7797396752226593,
          3.064287794574585
        ],
        [
          0.0,
          0.0,
          0.0,
          1.0
        ]
      ]
    },
    {
      "file_path": "./images/0053.jpg",
      "sharpness": 134.40336451837123,
      "transform_matrix": [
        [
          -0.6000270464743199,
          -0.6167272155507504,
          0.5095243715271501,
          2.0588365424390127
        ],
        [
          0.7996887711611276,
          -0.4795859210744434,
          0.3612412124750939,
          1.7077424428243042
        ],
        [
          0.021573427916783496,
          0.6242154163294252,
          0.780954352898368,
          3.073583671624609
        ],
        [
          0.0,
          0.0,
          0.0,
          1.0
        ]
      ]
    },
    {
      "file_path": "./images/0054.jpg",
      "sharpness": 136.51595926782306,
      "transform_matrix": [
        [
          -0.6214498331150868,
          -0.601801125067972,
          0.5016328446881929,
          2.031229146131468
        ],
        [
          0.7830634049655611,
          -0.4973362381364201,
          0.37345464255321337,
          1.7519305479391871
        ],
        [
          0.024734767852515754,
          0.6248936486948455,
          0.780317960299795,
          3.071567782184726
        ],
        [
          0.0,
          0.0,
          0.0,
          1.0
        ]
      ]
    },
    {
      "file_path": "./images/0055.jpg",
      "sharpness": 135.31775653032483,
      "transform_matrix": [
        [
          -0.6312522843638587,
          -0.5947557019059235,
          0.49778128592547294,
          2.021261958168197
        ],
        [
          0.7750789108133082,
          -0.5067793258837839,
          0.3773955443215063,
          1.7629002992302285
        ],
        [
          0.02780711265976881,
          0.6240515763800564,
          0.7808882087657626,
          3.075946594351436
        ],
        [
          0.0,
          0.0,
          0.0,
          1.0
        ]
      ]
    },
    {
      "file_path": "./images/0056.jpg",
      "sharpness": 135.73391450512818,
      "transform_matrix": [
        [
          -0.6413317393259914,
          -0.5877711045036861,
          0.4931721088275678,
          2.01306225156157
        ],
        [
          0.7666604319826329,
          -0.5163973162252843,
          0.38153059357280733,
          1.7715582887615642
        ],
        [
          0.03042009504948392,
          0.6227832211776558,
          0.7818028378837408,
          3.0849298230586775
        ],
        [
          0.0,
          0.0,
          0.0,
          1.0
        ]
      ]
    },
    {
      "file_path": "./images/0057.jpg",
      "sharpness": 136.73634471628546,
      "transform_matrix": [
        [
          -0.6507756849864512,
          -0.5803444770409051,
          0.48958277735266437,
          2.008358109796562
        ],
        [
          0.7585567712384262,
          -0.5248931074565187,
          0.3861073044601277,
          1.7733670513805404
        ],
        [
          0.032903383673246765,
          0.6226455763808902,
          0.7818119042598848,
          3.088404034651008
        ],
        [
          0.0,
          0.0,
          0.0,
          1.0
        ]
      ]
    },
    {
      "file_path": "./images/0058.jpg",
      "sharpness": 137.19705536475894,
      "transform_matrix": [
        [
          -0.661504309031959,
          -0.5724893328618624,
          0.4844254462487958,
          1.9979544055800704
        ],
        [
          0.7491461917277257,
          -0.5341812433550897,
          0.39170190537186395,
          1.7747957450890854
        ],
        [
          0.0345258247029672,
          0.622017976492806,
          0.782241397801652,
          3.0933370828227553
        ],
        [
          0.0,
          0.0,
          0.0,
          1.0
        ]
      ]
    },
    {
      "file_path": "./images/0059.jpg",
      "sharpness": 138.96802865231354,
      "transform_matrix": [
        [
          -0.6814519606610958,
          -0.5571530091129072,
          0.4745563716034122,
          1.9749908022467633
        ],
        [
          0.7308215798840846,
          -0.552614867443575,
          0.4006452628704637,
          1.7717301596258928
        ],
        [
          0.03902619259301299,
          0.6198365371519221,
          0.7837599272669625,
          3.0987984389949395
        ],
        [
          0.0,
          0.0,
          0.0,
          1.0
        ]
      ]
    },
    {
      "file_path": "./images/0060.jpg",
      "sharpness": 136.936255147455,
      "transform_matrix": [
        [
          -0.6909183187446588,
          -0.5490196879200039,
          0.47032888405996354,
          1.9632018466467371
        ],
        [
          0.7217600573673911,
          -0.560898095240718,
          0.4055314369427444,
          1.7773997243870974
        ],
        [
          0.04116183225386968,
          0.6196537009512469,
          0.7837952503997676,
          3.0974313664373687
        ],
        [
          0.0,
          0.0,
          0.0,
          1.0
        ]
      ]
    },
    {
      "file_path": "./images/0061.jpg",
      "sharpness": 139.00666539390022,
      "transform_matrix": [
        [
          -0.7000369238407246,
          -0.5410528622409597,
          0.4660580496057284,
          1.9516488550078046
        ],
        [
          0.7127524207979288,
          -0.569561382405612,
          0.40937002616629475,
          1.7857827079995712
        ],
        [
          0.04395784264177163,
          0.618758136918894,
          0.7843507354195878,
          3.1057994111582823
        ],
        [
          0.0,
          0.0,
          0.0,
          1.0
        ]
      ]
    },
    {
      "file_path": "./images/0063.jpg",
      "sharpness": 138.60421287470496,
      "transform_matrix": [
        [
          -0.717664842397656,
          -0.525114559807521,
          0.45739684426799015,
          1.9229864234181309
        ],
        [
          0.6946652166723556,
          -0.5859994163751839,
          0.4171869134548518,
          1.7942864064995814
        ],
        [
          0.048963361376590187,
          0.6171380584236159,
          0.7853299982645148,
          3.1229982482051097
        ],
        [
          0.0,
          0.0,
          0.0,
          1.0
        ]
      ]
    },
    {
      "file_path": "./images/0062.jpg",
      "sharpness": 140.5953830841871,
      "transform_matrix": [
        [
          -0.7088753179222247,
          -0.5336372709505127,
          0.46122342392268956,
          1.9364933693954722
        ],
        [
          0.7037970878776911,
          -0.5782897083958431,
          0.4126144353543933,
          1.7899921939843935
