{
  "camera_angle_x": 0.597067469690625,
  "camera_angle_y": 1.031778227787869,
  "fl_x": 1754.7827217271733,
  "fl_y": 1692.7751617845813,
  "k1": 0.04014197461083809,
  "k2": -0.1271066728054498,
  "k3": 0,
  "k4": 0,
  "p1": 0.013439466584326017,
  "p2": -0.002155264524676657,
  "is_fisheye": false,
  "cx": 532.6754161221994,
  "cy": 962.7727083117048,
  "w": 1080.0,
  "h": 1920.0,
  "aabb_scale": 16,
  "frames": [
    {
      "file_path": "./images/0006.jpg",
      "sharpness": 37.22273388258811,
      "transform_matrix": [
        [
          0.908015091157188,
          0.4048648033467217,
          0.10767119051843523,
          0.6443445621230953
        ],
        [
          0.005166085299366336,
          0.24616966355581085,
          -0.9692129839785157,
          -3.9027332148309286
        ],
        [
          -0.41890560490412776,
          0.8806162545524848,
          0.22143420338496347,
          0.8093377926741603
        ],
        [
          0.0,
          0.0,
          0.0,
          1.0
        ]
      ]
    },
    {
      "file_path": "./images/0001.jpg",
      "sharpness": 42.82294367257066,
      "transform_matrix": [
        [
          0.8626809457441539,
          0.5057466028233217,
          -0.00139986016244708,
          -0.10014894818522456
        ],
        [
          -0.1409187441365041,
          0.23771304951033664,
          -0.96105900633027,
          -3.716808799257593
        ],
        [
          -0.48571956253618775,
          0.8292845590329931,
          0.2763396944884703,
          1.1240693359643785
        ],
        [
          0.0,
          0.0,
          0.0,
          1.0
        ]
      ]
    },
    {
      "file_path": "./images/0010.jpg",
      "sharpness": 42.13403353500798,
      "transform_matrix": [
        [
          0.927084256975269,
          0.28791699183316377,
          0.24003871835224463,
          1.0733544067037935
        ],
        [
          0.17394187160680394,
          0.23681756403967327,
          -0.9558565094559314,
          -3.9443110149649763
        ],
        [
          -0.3320527153820836,
          0.9279123057722143,
          0.1694690149695525,
          0.6145428406306612
        ],
        [
          0.0,
          0.0,
          0.0,
          1.0
        ]
      ]
    },
    {
      "file_path": "./images/0011.jpg",
      "sharpness": 40.129855319251554,
      "transform_matrix": [
        [
          0.9267510867082431,
          0.25072751749914635,
          0.2797644281885014,
          1.2124764570338795
        ],
        [
          0.22395301707394408,
          0.22918684953424784,
          -0.9472689344368277,
          -3.9004072874934184
        ],
        [
          -0.3016247162436803,
          0.9405366021570715,
          0.15624797785770916,
          0.5703757573555706
        ],
        [
          0.0,
          0.0,
          0.0,
          1.0
        ]
      ]
    },
    {
      "file_path": "./images/0013.jpg",
      "sharpness": 34.944742476694636,
      "transform_matrix": [
        [
          0.9153990646086024,
          0.17172309491633697,
          0.3640820391228924,
          1.5010312706516147
        ],
        [
          0.3281988751530653,
          0.20532567377384622,
          -0.9220232459339723,
          -3.7685785482755016
        ],
        [
          -0.23308807536845236,
          0.9635105325789134,
          0.1315956031233652,
          0.4598904304728846
        ],
        [
          0.0,
          0.0,
          0.0,
          1.0
        ]
      ]
    },
    {
      "file_path": "./images/0014.jpg",
      "sharpness": 37.16472088378759,
      "transform_matrix": [
        [
          0.9032670100330686,
          0.13104644828248532,
          0.40857745533044276,
          1.6522533523308098
        ],
        [
          0.3818305575094203,
          0.1888975237379723,
          -0.9047226928085461,
          -3.7135815829281738
        ],
        [
          -0.1957399651402085,
          0.9732135191968451,
          0.1205873630621182,
          0.4131675809110637
        ],
        [
          0.0,
          0.0,
          0.0,
          1.0
        ]
      ]
    },
    {
      "file_path": "./images/0016.jpg",
      "sharpness": 36.083705632712324,
      "transform_matrix": [
        [
          0.8646464208482952,
          0.054003649128301266,
          0.49946989180619633,
          1.8642234024278046
        ],
        [
          0.48764643708802613,
          0.14880024450455784,
          -0.8602670745970564,
          -3.6846116471542256
        ],
        [
          -0.12077880327659664,
          0.9873915601960115,
          0.10232491174504925,
          0.36243293416208255
        ],
        [
          0.0,
          0.0,
          0.0,
          1.0
        ]
      ]
    },
    {
      "file_path": "./images/0018.jpg",
      "sharpness": 35.63617866820453,
      "transform_matrix": [
        [
          0.8271825810701756,
          0.0018242777300412594,
          0.5619302889244172,
          2.1389671751838177
        ],
        [
          0.558385746022137,
          0.10951927153975466,
          -0.8223204289118338,
          -3.513189341620253
        ],
        [
          -0.06304233674454789,
          0.9939829984475205,
          0.08957378302793909,
          0.32083951219857504
        ],
        [
          0.0,
          0.0,
          0.0,
          1.0
        ]
      ]
    },
    {
      "file_path": "./images/0020.jpg",
      "sharpness": 34.248474878409475,
      "transform_matrix": [
        [
          0.7944930772607562,
          -0.030876856906041885,
          0.6064877327021306,
          2.489593369801713
        ],
        [
          0.6068675322829999,
          0.07686785328425023,
          -0.7910771968633987,
          -3.304797449557162
        ],
        [
          -0.022193432646860908,
          0.9965630701916686,
          0.07980913925345737,
          0.2775870743423565
        ],
        [
          0.0,
          0.0,
          0.0,
          1.0
        ]
      ]
    },
    {
      "file_path": "./images/0022.jpg",
      "sharpness": 50.13301114033558,
      "transform_matrix": [
        [
          0.7493797069789013,
          -0.06387430235566723,
          0.6590524473003845,
          2.7552566274600427
        ],
        [
          0.6617475013726621,
          0.03795872280292956,
          -0.7487652367700094,
          -3.135053928121311
        ],
        [
          0.022810067967192694,
          0.9972357840012649,
          0.0707141565571375,
          0.24386944282825312
        ],
        [
          0.0,
          0.0,
          0.0,
          1.0
        ]
      ]
    },
    {
      "file_path": "./images/0024.jpg",
      "sharpness": 45.00145075959675,
      "transform_matrix": [
        [
          0.6949027176700892,
          -0.09826434076248443,
          0.7123582893004559,
          2.949088406655011
        ],
        [
          0.7151860685222549,
          -0.008823976896666747,
          -0.6988784048949053,
          -2.973201774889166
        ],
        [
          0.07496065881707081,
          0.9951212271864386,
          0.06414548201970073,
          0.24052634526931851
        ],
        [
          0.0,
          0.0,
          0.0,
          1.0
        ]
      ]
    },
    {
      "file_path": "./images/0003.jpg",
      "sharpness": 44.05373452038667,
      "transform_matrix": [
        [
          0.8807683910003793,
          0.47214304497714266,
          0.03644154936535999,
          0.18381352884623364
        ],
        [
          -0.09017191972571106,
          0.24276317738049802,
          -0.9658856374365157,
          -3.810548218536876
        ],
        [
          -0.46488285227156784,
          0.847435534311282,
          0.2563921778862928,
          1.005471075894189
        ],
        [
          0.0,
          0.0,
          0.0,
          1.0
        ]
      ]
    },
    {
      "file_path": "./images/0026.jpg",
      "sharpness": 47.84521355411346,
      "transform_matrix": [
        [
          0.6373058033128528,
          -0.1310672919626806,
          0.7593830904537987,
          3.0636669896711695
        ],
        [
          0.759506644950875,
          -0.05985368489062931,
          -0.6477400656787554,
          -2.769590107351953
        ],
        [
          0.13034941251153725,
          0.9895650061583107,
          0.061401378450915596,
          0.2469688218229943
        ],
        [
          0.0,
          0.0,
          0.0,
          1.0
        ]
      ]
    },
    {
      "file_path": "./images/0029.jpg",
      "sharpness": 46.39187783397275,
      "transform_matrix": [
        [
          0.5481153985819884,
          -0.17607181846571066,
          0.817660213417113,
          3.246569875705137
        ],
        [
          0.8100801605475989,
          -0.13157089397932586,
          -0.5713661114816813,
          -2.407020586442032
        ],
        [
          0.20818175550887758,
          0.9755448808893417,
          0.07051625397534392,
          0.3041083758078237
        ],
        [
          0.0,
          0.0,
          0.0,
          1.0
        ]
      ]
    },
    {
      "file_path": "./images/0030.jpg",
      "sharpness": 66.64639699922832,
      "transform_matrix": [
        [
          0.5196354585923886,
          -0.1890103880866508,
          0.8332190968734723,
          3.3010394409853454
        ],
        [
          0.8224797840865381,
          -0.15336584896378497,
          -0.5477279627201983,
          -2.2911178418078895
        ],
        [
          0.23131362896449362,
          0.9699247339852588,
          0.0757628899249139,
          0.3247592366050033
        ],
        [
          0.0,
          0.0,
          0.0,
          1.0
        ]
      ]
    },
    {
      "file_path": "./images/0008.jpg",
      "sharpness": 32.011930858746126,
      "transform_matrix": [
        [
          0.9204743169498522,
          0.35336125677764113,
          0.16692170041687932,
          0.8559515878246219
        ],
        [
          0.0810493201113956,
          0.2452290452721408,
          -0.966071282602601,
          -3.9532257553262133
        ],
        [
          -0.3823062117856764,
          0.902772694309123,
          0.19708734832760202,
          0.6793168244569567
        ],
        [
          0.0,
          0.0,
          0.0,
          1.0
        ]
      ]
    },
    {
      "file_path": "./images/0032.jpg",
      "sharpness": 76.82218118506863,
      "transform_matrix": [
        [
          0.46468523014943924,
          -0.21631898475414846,
          0.8586464544512662,
          3.39868159080081
        ],
        [
          0.842445306798623,
          -0.19061058358114985,
          -0.50393800262023,
          -1.9870538381533052
        ],
        [
          0.27267845887868264,
          0.957535222480377,
          0.0936629905772498,
          0.447090610030335
        ],
        [
          0.0,
          0.0,
          0.0,
          1.0
        ]
      ]
    },
    {
      "file_path": "./images/0033.jpg",
      "sharpness": 118.31404376546395,
      "transform_matrix": [
        [
          0.4378737556949896,
          -0.229798401976278,
          0.8691715990232002,
          3.4269030777640426
        ],
        [
          0.8507243646600184,
          -0.20674871345882573,
          -0.4832422010358447,
          -1.8326449362426258
        ],
        [
          0.29074839543853337,
          0.9510245338374228,
          0.10496526387383348,
          0.5024150105258585
        ],
        [
          0.0,
          0.0,
          0.0,
          1.0
        ]
      ]
    },
    {
      "file_path": "./images/0034.jpg",
      "sharpness": 128.82595801579774,
      "transform_matrix": [
        [
          0.41227179753383164,
          -0.24287422356081764,
          0.8780911550139807,
          3.423371938253958
        ],
        [
          0.8580457923600516,
          -0.2204729373219078,
          -0.4638416778674601,
          -1.6767119864997249
        ],
        [
          0.30625052354952526,
          0.9446712631738503,
          0.11750243142180751,
          0.5391429755541693
        ],
        [
          0.0,
          0.0,
          0.0,
          1.0
        ]
      ]
    },
    {
      "file_path": "./images/0036.jpg",
      "sharpness": 128.24264080101094,
      "transform_matrix": [
        [
          0.3608278941069854,
          -0.2667322268233428,
          0.893676199769252,
          3.3831933268232413
        ],
        [
          0.871615285921172,
          -0.24445990060800246,
          -0.42488369037692975,
          -1.460807054521179
        ],
        [
          0.3317981678464869,
          0.9322517236219351,
          0.1442799350170304,
          0.6081394315922841
        ],
        [
          0.0,
          0.0,
          0.0,
          1.0
        ]
      ]
    },
    {
      "file_path": "./images/0035.jpg",
      "sharpness": 146.84330777299664,
      "transform_matrix": [
        [
          0.38586741136969704,
          -0.25555257692482436,
          0.8864531692626318,
          3.4097112548794803
        ],
        [
          0.8653077714964859,
          -0.2329516201948297,
          -0.44381978689714735,
          -1.5623755410838642
        ],
        [
          0.3199199922383642,
          0.9383104087152976,
          0.13124319218004837,
          0.5675950741243312
        ],
        [
          0.0,
          0.0,
          0.0,
          1.0
        ]
      ]
    },
    {
      "file_path": "./images/0037.jpg",
      "sharpness": 148.041097196635,
      "transform_matrix": [
        [
          0.3374977563658688,
          -0.2777420521593266,
          0.8994190441257978,
          3.3782126152326817
        ],
        [
          0.8768341753299651,
          -0.2548195392859028,
          -0.4077117012995577,
          -1.389879754128622
        ],
        [
          0.34242823105741244,
          0.9262431402648215,
          0.15753270047239887,
          0.6468217350243917
        ],
        [
          0.0,
          0.0,
          0.0,
          1.0
        ]
      ]
    },
    {
      "file_path": "./images/0041.jpg",
      "sharpness": 141.92574264769078,
      "transform_matrix": [
        [
          0.2633111685147567,
          -0.29957960368113284,
          0.9170165154562276,
          3.4509920670479124
        ],
        [
          0.8911711041612512,
          -0.28848002133548795,
          -0.350133318042331,
          -1.20445317767461
        ],
        [
          0.369433744598489,
          0.9094126337229048,
          0.19101667468569603,
          0.8276610786997819
        ],
        [
          0.0,
          0.0,
          0.0,
          1.0
        ]
      ]
    },
    {
      "file_path": "./images/0005.jpg",
      "sharpness": 27.711412486933142,
      "transform_matrix": [
        [
          0.9000008647886686,
          0.4279578900349045,
          0.0827676734139276,
          0.5107924630546462
        ],
        [
          -0.027825936200522036,
          0.24590393264406138,
          -0.9688947172886169,
          -3.8641331067323335
        ],
        [
          -0.4349990352650859,
          0.8697029954490465,
          0.23322208097921107,
          0.875067675315589
        ],
        [
          0.0,
          0.0,
          0.0,
          1.0
        ]
      ]
    },
    {
      "file_path": "./images/0043.jpg",
      "sharpness": 149.5187376398346,
      "transform_matrix": [
        [
          0.24112077852883543,
          -0.3037492082488718,
          0.9217359647294149,
          3.489883329318807
        ],
        [
          0.8946242562166076,
          -0.29857091988850176,
          -0.3324196835189745,
          -1.1728288570453527
        ],
        [
          0.376175770558806,
          0.9047606447625542,
          0.1997497568564444,
          0.8828758879730679
        ],
        [
          0.0,
          0.0,
          0.0,
          1.0
        ]
      ]
    },
    {
      "file_path": "./images/0044.jpg",
      "sharpness": 174.71395506352337,
      "transform_matrix": [
        [
          0.23374605828166545,
          -0.3063000657492607,
          0.9227909026348364,
          3.4968422189609654
        ],
        [
          0.8955745079754672,
          -0.30169740656569777,
          -0.32699384633517403,
          -1.1650559520199406
        ],
        [
          0.3785618587594169,
          0.9028615312546386,
          0.2037939510977146,
          0.8789794663109654
        ],
        [
          0.0,
          0.0,
          0.0,
          1.0
        ]
      ]
    }
  ]
}