{
  "camera_angle_x": 0.597067469690625,
  "camera_angle_y": 1.031778227787869,
  "fl_x": 1754.7827217271733,
  "fl_y": 1692.7751617845813,
  "k1": 0.04014197461083809,
  "k2": -0.1271066728054498,
  "k3": 0,
  "k4": 0,
  "p1": 0.013439466584326017,
  "p2": -0.002155264524676657,
  "is_fisheye": false,
  "cx": 532.6754161221994,
  "cy": 962.7727083117048,
  "w": 1080.0,
  "h": 1920.0,
  "aabb_scale": 16,
  "frames": [
    {
      "file_path": "./images/0007.jpg",
      "sharpness": 31.89971980646335,
      "transform_matrix": [
        [
          0.9147567814537811,
          0.3806776863275693,
          0.13529423469771693,
          0.7576725831774206
        ],
        [
          0.04074463300023474,
          0.24624710654305768,
          -0.9683502658676184,
          -3.932958611071039
        ],
        [
          -0.40194515259144165,
          0.8913174864647824,
          0.20974563800283885,
          0.739673466609294
        ],
        [
          0.0,
          0.0,
          0.0,
          1.0
        ]
      ]
    },
    {
      "file_path": "./images/0006.jpg",
      "sharpness": 37.22273388258811,
      "transform_matrix": [
        [
          0.908015091157188,
          0.4048648033467217,
          0.10767119051843523,
          0.6443445621230953
        ],
        [
          0.005166085299366336,
          0.24616966355581085,
          -0.9692129839785157,
          -3.9027332148309286
        ],
        [
          -0.41890560490412776,
          0.8806162545524848,
          0.22143420338496347,
          0.8093377926741603
        ],
        [
          0.0,
          0.0,
          0.0,
          1.0
        ]
      ]
    },
    {
      "file_path": "./images/0009.jpg",
      "sharpness": 31.169044605915275,
      "transform_matrix": [
        [
          0.9247892955810747,
          0.3220765382683065,
          0.20256224303062326,
          0.9603133483397094
        ],
        [
          0.12625040928883785,
          0.24246341075815775,
          -0.9619107695638724,
          -3.9638965671671427
        ],
        [
          -0.35892282312016266,
          0.9151383490859045,
          0.18356527206051576,
          0.6451771669499834
        ],
        [
          0.0,
          0.0,
          0.0,
          1.0
        ]
      ]
    },
    {
      "file_path": "./images/0001.jpg",
      "sharpness": 42.82294367257066,
      "transform_matrix": [
        [
          0.8626809457441539,
          0.5057466028233217,
          -0.00139986016244708,
          -0.10014894818522456
        ],
        [
          -0.1409187441365041,
          0.23771304951033664,
          -0.96105900633027,
          -3.716808799257593
        ],
        [
          -0.48571956253618775,
          0.8292845590329931,
          0.2763396944884703,
          1.1240693359643785
        ],
        [
          0.0,
          0.0,
          0.0,
          1.0
        ]
      ]
    },
    {
      "file_path": "./images/0010.jpg",
      "sharpness": 42.13403353500798,
      "transform_matrix": [
        [
          0.927084256975269,
          0.28791699183316377,
          0.24003871835224463,
          1.0733544067037935
        ],
        [
          0.17394187160680394,
          0.23681756403967327,
          -0.9558565094559314,
          -3.9443110149649763
        ],
        [
          -0.3320527153820836,
          0.9279123057722143,
          0.1694690149695525,
          0.6145428406306612
        ],
        [
          0.0,
          0.0,
          0.0,
          1.0
        ]
      ]
    },
    {
      "file_path": "./images/0011.jpg",
      "sharpness": 40.129855319251554,
      "transform_matrix": [
        [
          0.9267510867082431,
          0.25072751749914635,
          0.2797644281885014,
          1.2124764570338795
        ],
        [
          0.22395301707394408,
          0.22918684953424784,
          -0.9472689344368277,
          -3.9004072874934184
        ],
        [
          -0.3016247162436803,
          0.9405366021570715,
          0.15624797785770916,
          0.5703757573555706
        ],
        [
          0.0,
          0.0,
          0.0,
          1.0
        ]
      ]
    },
    {
      "file_path": "./images/0012.jpg",
      "sharpness": 36.829821824796674,
      "transform_matrix": [
        [
          0.9231078751699783,
          0.211655137347852,
          0.32105132558402966,
          1.3504483065584252
        ],
        [
          0.27532352005086574,
          0.21907761460187303,
          -0.9360565998336816,
          -3.83688407573882
        ],
        [
          -0.2684563467768797,
          0.9524741999880963,
          0.14395863386098248,
          0.5169208297183838
        ],
        [
          0.0,
          0.0,
          0.0,
          1.0
        ]
      ]
    },
    {
      "file_path": "./images/0002.jpg",
      "sharpness": 54.60320591286846,
      "transform_matrix": [
        [
          0.8713519927333309,
          0.49039707376026614,
          0.016012958279294543,
          0.027485136810980502
        ],
        [
          -0.11728789274335245,
          0.2398681455449989,
          -0.9636943618044398,
          -3.773062555694747
        ],
        [
          -0.47643389363530814,
          0.8378388764110085,
          0.26652722600273165,
          1.0623842829952226
        ],
        [
          0.0,
          0.0,
          0.0,
          1.0
        ]
      ]
    },
    {
      "file_path": "./images/0013.jpg",
      "sharpness": 34.944742476694636,
      "transform_matrix": [
        [
          0.9153990646086024,
          0.17172309491633697,
          0.3640820391228924,
          1.5010312706516147
        ],
        [
          0.3281988751530653,
          0.20532567377384622,
          -0.9220232459339723,
          -3.7685785482755016
        ],
        [
          -0.23308807536845236,
          0.9635105325789134,
          0.1315956031233652,
          0.4598904304728846
        ],
        [
          0.0,
          0.0,
          0.0,
          1.0
        ]
      ]
    },
    {
      "file_path": "./images/0014.jpg",
      "sharpness": 37.16472088378759,
      "transform_matrix": [
        [
          0.9032670100330686,
          0.13104644828248532,
          0.40857745533044276,
          1.6522533523308098
        ],
        [
          0.3818305575094203,
          0.1888975237379723,
          -0.9047226928085461,
          -3.7135815829281738
        ],
        [
          -0.1957399651402085,
          0.9732135191968451,
          0.1205873630621182,
          0.4131675809110637
        ],
        [
          0.0,
          0.0,
          0.0,
          1.0
        ]
      ]
    },
    {
      "file_path": "./images/0015.jpg",
      "sharpness": 31.417580954084155,
      "transform_matrix": [
        [
          0.8855786249397503,
          0.09166344803473882,
          0.45535514861483345,
          1.7642586034089804
        ],
        [
          0.4367115448892502,
          0.16962226027657815,
          -0.8834655145415404,
          -3.7086279203900134
        ],
        [
          -0.15821986481928757,
          0.9812370259742446,
          0.11018336201377825,
          0.38403486051836605
        ],
        [
          0.0,
          0.0,
          0.0,
          1.0
        ]
      ]
    },
    {
      "file_path": "./images/0016.jpg",
      "sharpness": 36.083705632712324,
      "transform_matrix": [
        [
          0.8646464208482952,
          0.054003649128301266,
          0.49946989180619633,
          1.8642234024278046
        ],
        [
          0.48764643708802613,
          0.14880024450455784,
          -0.8602670745970564,
          -3.6846116471542256
        ],
        [
          -0.12077880327659664,
          0.9873915601960115,
          0.10232491174504925,
          0.36243293416208255
        ],
        [
          0.0,
          0.0,
          0.0,
          1.0
        ]
      ]
    },
    {
      "file_path": "./images/0017.jpg",
      "sharpness": 40.60902631050392,
      "transform_matrix": [
        [
          0.8445645592133687,
          0.023931730265317586,
          0.5349186645024357,
          1.9808936136989974
        ],
        [
          0.5281127382588433,
          0.12762590871924945,
          -0.8395287744427655,
          -3.607795068356574
        ],
        [
          -0.08836085682794755,
          0.9915336099903387,
          0.0951496677399898,
          0.34038725004024334
        ],
        [
          0.0,
          0.0,
          0.0,
          1.0
        ]
      ]
    },
    {
      "file_path": "./images/0018.jpg",
      "sharpness": 35.63617866820453,
      "transform_matrix": [
        [
          0.8271825810701756,
          0.0018242777300412594,
          0.5619302889244172,
          2.1389671751838177
        ],
        [
          0.558385746022137,
          0.10951927153975466,
          -0.8223204289118338,
          -3.513189341620253
        ],
        [
          -0.06304233674454789,
          0.9939829984475205,
          0.08957378302793909,
          0.32083951219857504
        ],
        [
          0.0,
          0.0,
          0.0,
          1.0
        ]
      ]
    },
    {
      "file_path": "./images/0019.jpg",
      "sharpness": 35.12768893231933,
      "transform_matrix": [
        [
          0.811392639975725,
          -0.015442793260680095,
          0.5842974447619679,
          2.321541239628624
        ],
        [
          0.5829893416597075,
          0.09324165079268998,
          -0.8071117779302162,
          -3.40625515242104
        ],
        [
          -0.04201679797872013,
          0.995523738905528,
          0.08465857306880639,
          0.299858448318119
        ],
        [
          0.0,
          0.0,
          0.0,
          1.0
        ]
      ]
    },
    {
      "file_path": "./images/0020.jpg",
      "sharpness": 34.248474878409475,
      "transform_matrix": [
        [
          0.7944930772607562,
          -0.030876856906041885,
          0.6064877327021306,
          2.489593369801713
        ],
        [
          0.6068675322829999,
          0.07686785328425023,
          -0.7910771968633987,
          -3.304797449557162
        ],
        [
          -0.022193432646860908,
          0.9965630701916686,
          0.07980913925345737,
          0.2775870743423565
        ],
        [
          0.0,
          0.0,
          0.0,
          1.0
        ]
      ]
    },
    {
      "file_path": "./images/0021.jpg",
      "sharpness": 40.72416425479632,
      "transform_matrix": [
        [
          0.7736987987657117,
          -0.04748963560270388,
          0.6317712428756556,
          2.6387639459340675
        ],
        [
          0.6335530868642018,
          0.059268289491345966,
          -0.7714257942217455,
          -3.211270323362089
        ],
        [
          -0.0008092710529444929,
          0.9971118314421544,
          0.07594300961450208,
          0.26273961446358046
        ],
        [
          0.0,
          0.0,
          0.0,
          1.0
        ]
      ]
    },
    {
      "file_path": "./images/0022.jpg",
      "sharpness": 50.13301114033558,
      "transform_matrix": [
        [
          0.7493797069789013,
          -0.06387430235566723,
          0.6590524473003845,
          2.7552566274600427
        ],
        [
          0.6617475013726621,
          0.03795872280292956,
          -0.7487652367700094,
          -3.135053928121311
        ],
        [
          0.022810067967192694,
          0.9972357840012649,
          0.0707141565571375,
          0.24386944282825312
        ],
        [
          0.0,
          0.0,
          0.0,
          1.0
        ]
      ]
    },
    {
      "file_path": "./images/0023.jpg",
      "sharpness": 41.144268413224516,
      "transform_matrix": [
        [
          0.7227628795823705,
          -0.0817504285518007,
          0.686243897863748,
          2.855872601915077
        ],
        [
          0.6894257235891736,
          0.016292637110612566,
          -0.7241731295999361,
          -3.0607662890239316
        ],
        [
          0.048020740893227234,
          0.9965196523091964,
          0.06813656167210731,
          0.2379363878940401
        ],
        [
          0.0,
          0.0,
          0.0,
          1.0
        ]
      ]
    },
    {
      "file_path": "./images/0024.jpg",
      "sharpness": 45.00145075959675,
      "transform_matrix": [
        [
          0.6949027176700892,
          -0.09826434076248443,
          0.7123582893004559,
          2.949088406655011
        ],
        [
          0.7151860685222549,
          -0.008823976896666747,
          -0.6988784048949053,
          -2.973201774889166
        ],
        [
          0.07496065881707081,
          0.9951212271864386,
          0.06414548201970073,
          0.24052634526931851
        ],
        [
          0.0,
          0.0,
          0.0,
          1.0
        ]
      ]
    },
    {
      "file_path": "./images/0003.jpg",
      "sharpness": 44.05373452038667,
      "transform_matrix": [
        [
          0.8807683910003793,
          0.47214304497714266,
          0.03644154936535999,
          0.18381352884623364
        ],
        [
          -0.09017191972571106,
          0.24276317738049802,
          -0.9658856374365157,
          -3.810548218536876
        ],
        [
          -0.46488285227156784,
          0.847435534311282,
          0.2563921778862928,
          1.005471075894189
        ],
        [
          0.0,
          0.0,
          0.0,
          1.0
        ]
      ]
    },
    {
      "file_path": "./images/0025.jpg",
      "sharpness": 42.67000764363605,
      "transform_matrix": [
        [
          0.6656745192374084,
          -0.11583766894144346,
          0.7371967640447772,
          3.007163241052176
        ],
        [
          0.7391279320328552,
          -0.033737627856641486,
          -0.672719609168992,
          -2.8701158344474695
        ],
        [
          0.10279754145979798,
          0.9926950221248749,
          0.06316057749251532,
          0.24342651269918164
        ],
        [
          0.0,
          0.0,
          0.0,
          1.0
        ]
      ]
    },
    {
      "file_path": "./images/0026.jpg",
      "sharpness": 47.84521355411346,
      "transform_matrix": [
        [
          0.6373058033128528,
          -0.1310672919626806,
          0.7593830904537987,
          3.0636669896711695
        ],
        [
          0.759506644950875,
          -0.05985368489062931,
          -0.6477400656787554,
          -2.769590107351953
        ],
        [
          0.13034941251153725,
          0.9895650061583107,
          0.061401378450915596,
          0.2469688218229943
        ],
        [
          0.0,
          0.0,
          0.0,
          1.0
        ]
      ]
    },
    {
      "file_path": "./images/0027.jpg",
      "sharpness": 42.137086421006885,
      "transform_matrix": [
        [
          0.6077410681614452,
          -0.1458431682379874,
          0.7806283138434866,
          3.1177009339373596
        ],
        [
          0.7784027108926069,
          -0.08529454244399001,
          -0.6219437761641726,
          -2.6553814914077263
        ],
        [
          0.15728958562978426,
          0.9856239705576718,
          0.06168772118836392,
          0.25818684724343016
        ],
        [
          0.0,
          0.0,
          0.0,
          1.0
        ]
      ]
    },
    {
      "file_path": "./images/0028.jpg",
      "sharpness": 50.016632896216095,
      "transform_matrix": [
        [
          0.5777628277660157,
          -0.16025536001905824,
          0.8003176459774035,
          3.1797340096177154
        ],
        [
          0.795329288358041,
          -0.10980629461286831,
          -0.59614922691246,
          -2.525926108382191
        ],
        [
          0.1834160242020115,
          0.980948926947058,
          0.06401378615748028,
          0.2819778651514447
        ],
        [
          0.0,
          0.0,
          0.0,
          1.0
        ]
      ]
    },
    {
      "file_path": "./images/0029.jpg",
      "sharpness": 46.39187783397275,
      "transform_matrix": [
        [
          0.5481153985819884,
          -0.17607181846571066,
          0.817660213417113,
          3.246569875705137
        ],
        [
          0.8100801605475989,
          -0.13157089397932586,
          -0.5713661114816813,
          -2.407020586442032
        ],
        [
          0.20818175550887758,
          0.9755448808893417,
          0.07051625397534392,
          0.3041083758078237
        ],
        [
          0.0,
          0.0,
          0.0,
          1.0
        ]
      ]
    },
    {
      "file_path": "./images/0030.jpg",
      "sharpness": 66.64639699922832,
      "transform_matrix": [
        [
          0.5196354585923886,
          -0.1890103880866508,
          0.8332190968734723,
          3.3010394409853454
        ],
        [
          0.8224797840865381,
          -0.15336584896378497,
          -0.5477279627201983,
          -2.2911178418078895
        ],
        [
          0.23131362896449362,
          0.9699247339852588,
          0.0757628899249139,
          0.3247592366050033
        ],
        [
          0.0,
          0.0,
          0.0,
          1.0
        ]
      ]
    },
    {
      "file_path": "./images/0031.jpg",
      "sharpness": 75.79230691371941,
      "transform_matrix": [
        [
          0.49177448815345276,
          -0.20257064294422092,
          0.8468311445881096,
          3.353009472916368
        ],
        [
          0.8331706221982635,
          -0.1730611886839426,
          -0.5252395065892309,
          -2.1403324610438332
        ],
        [
          0.2529517090464879,
          0.9638542211442341,
          0.08366883113666491,
          0.3847283154985037
        ],
        [
          0.0,
          0.0,
          0.0,
          1.0
        ]
      ]
    },
    {
      "file_path": "./images/0008.jpg",
      "sharpness": 32.011930858746126,
      "transform_matrix": [
        [
          0.9204743169498522,
          0.35336125677764113,
          0.16692170041687932,
          0.8559515878246219
        ],
        [
          0.0810493201113956,
          0.2452290452721408,
          -0.966071282602601,
          -3.9532257553262133
        ],
        [
          -0.3823062117856764,
          0.902772694309123,
          0.19708734832760202,
          0.6793168244569567
        ],
        [
          0.0,
          0.0,
          0.0,
          1.0
        ]
      ]
    },
    {
      "file_path": "./images/0032.jpg",
      "sharpness": 76.82218118506863,
      "transform_matrix": [
        [
          0.46468523014943924,
          -0.21631898475414846,
          0.8586464544512662,
          3.39868159080081
        ],
        [
          0.842445306798623,
          -0.19061058358114985,
          -0.50393800262023,
          -1.9870538381533052
        ],
        [
          0.27267845887868264,
          0.957535222480377,
          0.0936629905772498,
          0.447090610030335
        ],
        [
          0.0,
          0.0,
          0.0,
          1.0
        ]
      ]
    },
    {
      "file_path": "./images/0033.jpg",
      "sharpness": 118.31404376546395,
      "transform_matrix": [
        [
          0.4378737556949896,
          -0.229798401976278,
          0.8691715990232002,
          3.4269030777640426
        ],
        [
          0.8507243646600184,
          -0.20674871345882573,
          -0.4832422010358447,
          -1.8326449362426258
        ],
        [
          0.29074839543853337,
          0.9510245338374228,
          0.10496526387383348,
          0.5024150105258585
        ],
        [
          0.0,
          0.0,
          0.0,
          1.0
        ]
      ]
    },
    {
      "file_path": "./images/0034.jpg",
      "sharpness": 128.82595801579774,
      "transform_matrix": [
        [
          0.41227179753383164,
          -0.24287422356081764,
          0.8780911550139807,
          3.423371938253958
        ],
        [
          0.8580457923600516,
          -0.2204729373219078,
          -0.4638416778674601,
          -1.6767119864997249
        ],
        [
          0.30625052354952526,
          0.9446712631738503,
          0.11750243142180751,
          0.5391429755541693
        ],
        [
          0.0,
          0.0,
          0.0,
          1.0
        ]
      ]
    },
    {
      "file_path": "./images/0036.jpg",
      "sharpness": 128.24264080101094,
      "transform_matrix": [
        [
          0.3608278941069854,
          -0.2667322268233428,
          0.893676199769252,
          3.3831933268232413
        ],
        [
          0.871615285921172,
          -0.24445990060800246,
          -0.42488369037692975,
          -1.460807054521179
        ],
        [
          0.3317981678464869,
          0.9322517236219351,
          0.1442799350170304,
          0.6081394315922841
        ],
        [
          0.0,
          0.0,
          0.0,
          1.0
        ]
      ]
    },
    {
      "file_path": "./images/0035.jpg",
      "sharpness": 146.84330777299664,
      "transform_matrix": [
        [
          0.38586741136969704,
          -0.25555257692482436,
          0.8864531692626318,
          3.4097112548794803
        ],
        [
          0.8653077714964859,
          -0.2329516201948297,
          -0.44381978689714735,
          -1.5623755410838642
        ],
        [
          0.3199199922383642,
          0.9383104087152976,
          0.13124319218004837,
          0.5675950741243312
        ],
        [
          0.0,
          0.0,
          0.0,
          1.0
        ]
      ]
    },
    {
      "file_path": "./images/0037.jpg",
      "sharpness": 148.041097196635,
      "transform_matrix": [
        [
          0.3374977563658688,
          -0.2777420521593266,
          0.8994190441257978,
          3.3782126152326817
        ],
        [
          0.8768341753299651,
          -0.2548195392859028,
          -0.4077117012995577,
          -1.389879754128622
        ],
        [
          0.34242823105741244,
          0.9262431402648215,
          0.15753270047239887,
          0.6468217350243917
        ],
        [
          0.0,
          0.0,
          0.0,
          1.0
        ]
      ]
    },
    {
      "file_path": "./images/0038.jpg",
      "sharpness": 139.39484798073798,
      "transform_matrix": [
        [
          0.31457281256963765,
          -0.2846993336176779,
          0.9055331220090799,
          3.421772160611326
        ],
        [
          0.8818623377508965,
          -0.26532812702632214,
          -0.3897689088040083,
          -1.344062624798096
        ],
        [
          0.3512303558243578,
          0.9211662577804705,
          0.16760060472770363,
          0.6696198060843723
        ],
        [
          0.0,
          0.0,
          0.0,
          1.0
        ]
      ]
    },
    {
      "file_path": "./images/0039.jpg",
      "sharpness": 149.36836894573082,
      "transform_matrix": [
        [
          0.29462215043426765,
          -0.2920414950760942,
          0.9098953531330076,
          3.461189178352093
        ],
        [
          0.8857218120802579,
          -0.27398995709818086,
          -0.3747350731111791,
          -1.304084106271631
        ],
        [
          0.358740379777585,
          0.916319414063532,
          0.1779440118637672,
          0.7146471337616246
        ],
        [
          0.0,
          0.0,
          0.0,
          1.0
        ]
      ]
    },
    {
      "file_path": "./images/0040.jpg",
      "sharpness": 136.07772078874632,
      "transform_matrix": [
        [
          0.27781797016394855,
          -0.29693348265293545,
          0.9135905441495197,
          3.468887401100682
        ],
        [
          0.8886139900088031,
          -0.28185683736848316,
          -0.36183131428099347,
          -1.2576055999898825
        ],
        [
          0.36494157370607955,
          0.9123525799463175,
          0.18555435235289258,
          0.7714360646565547
        ],
        [
          0.0,
          0.0,
          0.0,
          1.0
        ]
      ]
    },
    {
      "file_path": "./images/0004.jpg",
      "sharpness": 38.754701912660956,
      "transform_matrix": [
        [
          0.8904140756506146,
          0.4515005109933064,
          0.05753314246482575,
          0.3476737489965879
        ],
        [
          -0.06150362973824745,
          0.24459968937712873,
          -0.967671584521666,
          -3.840053406023978
        ],
        [
          -0.450976803661021,
          0.8580899023733906,
          0.2455639265759257,
          0.9438894960391823
        ],
        [
          0.0,
          0.0,
          0.0,
          1.0
        ]
      ]
    },
    {
      "file_path": "./images/0041.jpg",
      "sharpness": 141.92574264769078,
      "transform_matrix": [
        [
          0.2633111685147567,
          -0.29957960368113284,
          0.9170165154562276,
          3.4509920670479124
        ],
        [
          0.8911711041612512,
          -0.28848002133548795,
          -0.350133318042331,
          -1.20445317767461
        ],
        [
          0.369433744598489,
          0.9094126337229048,
          0.19101667468569603,
          0.8276610786997819
        ],
        [
          0.0,
          0.0,
          0.0,
          1.0
        ]
      ]
    },
    {
      "file_path": "./images/0042.jpg",
      "sharpness": 166.072775909045,
      "transform_matrix": [
        [
          0.2507685330912603,
          -0.30254135417366335,
          0.9195563451207635,
          3.462007895583899
        ],
        [
          0.8931903021949802,
          -0.2939586613437963,
          -0.3402930935103484,
          -1.1830365589082865
        ],
        [
          0.3732642855684594,
          0.9066736096644036,
          0.19651142126619864,
          0.862226790778607
        ],
        [
          0.0,
          0.0,
          0.0,
          1.0
        ]
      ]
    },
    {
      "file_path": "./images/0005.jpg",
      "sharpness": 27.711412486933142,
      "transform_matrix": [
        [
          0.9000008647886686,
          0.4279578900349045,
          0.0827676734139276,
          0.5107924630546462
        ],
        [
          -0.027825936200522036,
          0.24590393264406138,
          -0.9688947172886169,
          -3.8641331067323335
        ],
        [
          -0.4349990352650859,
          0.8697029954490465,
          0.23322208097921107,
          0.875067675315589
        ],
        [
          0.0,
          0.0,
          0.0,
          1.0
        ]
      ]
    },
    {
      "file_path": "./images/0043.jpg",
      "sharpness": 149.5187376398346,
      "transform_matrix": [
        [
          0.24112077852883543,
          -0.3037492082488718,
          0.9217359647294149,
          3.489883329318807
        ],
        [
          0.8946242562166076,
          -0.29857091988850176,
          -0.3324196835189745,
          -1.1728288570453527
        ],
        [
          0.376175770558806,
          0.9047606447625542,
          0.1997497568564444,
          0.8828758879730679
        ],
        [
          0.0,
          0.0,
          0.0,
          1.0
        ]
      ]
    },
    {
      "file_path": "./images/0044.jpg",
      "sharpness": 174.71395506352337,
      "transform_matrix": [
        [
          0.23374605828166545,
          -0.3063000657492607,
          0.9227909026348364,
          3.4968422189609654
        ],
        [
          0.8955745079754672,
          -0.30169740656569777,
          -0.32699384633517403,
          -1.1650559520199406
        ],
        [
          0.3785618587594169,
          0.9028615312546386,
          0.2037939510977146,
          0.8789794663109654
        ],
        [
          0.0,
          0.0,
          0.0,
          1.0
        ]
      ]
    }
  ]
}